$ 1 0.005 382.76258214399064 50 5 43
413 -1664 -336 -1632 -320 0 4 4 0 2 15 4 8 7 7 2 0 -1 -2
413 -1648 208 -1584 208 0 8 16 0 4 8 12 560 -1 16 404 48 -1 32 404 25 404 48 -1 48 404 29 404 48 -1 64 3528 404 48 -1 80 1036 404 48 -1 96 11 404 48 -1 112 404 21 48 -1 128 404 4117 4144 404 48 -1 -2
164 -1152 224 -1056 224 0 4 0 0 0 0 false 0
168 -2112 80 -2064 112 2 4 0 0 0 0
168 -1056 96 -1008 96 2 8 0 0 0 0 0 0 0 0
157 -80 16 16 16 0 7 0 0
197 -208 16 -176 16 0
w -80 144 -16 144 0
w -80 176 16 176 0
w 16 176 16 144 0
w -80 208 48 208 0
w 48 208 48 144 0
w 320 -336 256 -336 0
w 320 -304 272 -304 0
w 320 -272 288 -272 0
w 320 -240 304 -240 0
w 576 -144 576 -208 0
w 448 -144 576 -144 0
w 544 -176 544 -208 0
w 448 -176 544 -176 0
w 448 -208 512 -208 0
197 320 -336 352 -336 0
157 448 -336 544 -336 0 7 0 0
157 -64 -320 32 -320 0 7 0 0
197 -192 -320 -160 -320 0
w -64 -192 0 -192 0
w -64 -160 32 -160 0
w 32 -160 32 -192 0
w -64 -128 64 -128 0
w 64 -128 64 -192 0
164 -288 -320 -128 -208 0 4 0 0 0 0 false 0
R -320 -304 -416 -304 1 2 5 2.5 2.5 0 0.5
L -288 -224 -304 -224 0 0 false 5 0
157 800 -336 896 -336 0 7 0 0
197 672 -336 704 -336 0
w 800 -208 864 -208 0
w 800 -176 896 -176 0
w 896 -176 896 -208 0
w 800 -144 928 -144 0
w 928 -144 928 -208 0
w 672 -240 656 -240 0
w 672 -272 640 -272 0
w 672 -304 624 -304 0
w 672 -336 608 -336 0
w 608 -336 608 -32 0
w 640 -272 640 0 0
w 240 656 176 656 0
w 240 688 192 688 0
w 240 720 208 720 0
w 240 752 224 752 0
w 496 848 496 784 0
w 368 848 496 848 0
w 464 816 464 784 0
w 368 816 464 816 0
w 368 784 432 784 0
197 240 656 272 656 0
157 368 656 464 656 0 7 0 0
w 592 656 528 656 0
w 592 688 544 688 0
w 592 720 560 720 0
w 592 752 576 752 0
w 848 848 848 784 0
w 720 848 848 848 0
w 816 816 816 784 0
w 720 816 816 816 0
w 720 784 784 784 0
197 592 656 624 656 0
157 720 656 816 656 0 7 0 0
w 528 656 528 880 0
w 192 688 192 832 0
w 208 720 208 848 0
w 224 752 224 864 0
w 528 880 240 880 0
w 544 688 544 896 0
w 544 896 256 896 0
w 560 720 560 912 0
w 560 912 272 912 0
w 576 752 576 928 0
w 576 928 288 928 0
w 176 816 176 656 0
x -126 -370 -61 -367 4 24 Clock
x 618 -388 922 -385 4 24 Micro\sInstruction\sCounter
x -181 -40 39 -37 4 24 Instruction\sPointer
x 390 -383 518 -380 4 24 Instruction
x 446 604 602 607 4 24 Control\sWord
x 468 110 672 113 4 24 Program\sCounter
w 624 448 336 448 0
w 624 272 624 448 0
w 608 432 320 432 0
w 608 240 608 432 0
w 592 416 304 416 0
w 592 208 592 416 0
w 576 400 288 400 0
w 576 176 576 400 0
157 768 176 864 176 0 7 0 0
197 640 176 672 176 0
w 768 304 832 304 0
w 768 336 864 336 0
w 864 336 864 304 0
w 768 368 896 368 0
w 896 368 896 304 0
w 640 272 624 272 0
w 640 240 608 240 0
w 640 208 592 208 0
w 640 176 576 176 0
157 416 176 512 176 0 7 0 0
197 288 176 320 176 0
w 416 304 480 304 0
w 416 336 512 336 0
w 512 336 512 304 0
w 416 368 544 368 0
w 544 368 544 304 0
w 288 272 272 272 0
w 288 240 256 240 0
w 288 208 240 208 0
w 288 176 224 176 0
164 -1200 -320 -1152 -320 0 8 0 0 0 0 0 0 0 0 false 0
w 256 -96 256 -336 0
w 272 -80 272 -304 0
w 288 -64 288 -272 0
w 304 -48 304 -240 0
w 320 -32 608 -32 0
w 624 -16 624 -304 0
w 336 -16 624 -16 0
w 352 0 640 0 0
w 656 16 656 -240 0
w 368 16 656 16 0
150 -1488 -96 -1408 -96 0 2 0 5
150 -1488 -160 -1408 -160 0 2 0 5
150 -1488 -224 -1408 -224 0 2 0 5
150 -1488 -288 -1408 -288 0 2 0 5
w -1488 -304 -1520 -304 0
w -1568 -272 -1536 -272 0
w -1536 -272 -1536 -240 0
w -1536 -240 -1488 -240 0
w -1568 -240 -1552 -240 0
w -1552 -240 -1552 -176 0
w -1552 -176 -1488 -176 0
w -1568 -208 -1568 -112 0
w -1568 -112 -1488 -112 0
w -1504 -80 -1504 -144 0
w -1504 -144 -1504 -208 0
w -1504 -208 -1504 -272 0
w -1504 -272 -1504 -336 0
207 -1408 -288 -1376 -288 5 ROM\sD3
207 -1408 -224 -1376 -224 4 ROM\sD2
207 -1408 -160 -1376 -160 4 ROM\sD1
207 -1408 -96 -1376 -96 4 ROM\sD0
207 -1504 -336 -1472 -336 4 ROM\sOE
207 -1664 -304 -1696 -304 4 ROM\sA3
207 -1664 -272 -1696 -272 4 ROM\sA2
207 -1664 -240 -1696 -240 4 ROM\sA1
207 -1664 -208 -1696 -208 4 ROM\sA0
L -1664 -336 -1680 -336 0 1 false 5 0
x -1618 -403 -1453 -400 4 24 Program\sROM
x -2088 -24 -1967 -21 4 24 Register-A
207 -1936 48 -1904 48 4 RA\sOE
207 -1840 288 -1808 288 4 RA\sO0
207 -1840 224 -1808 224 4 RA\sO1
207 -1840 160 -1808 160 4 RA\sO2
207 -1840 96 -1808 96 5 RA\sO3
w -1936 112 -1936 48 0
w -1936 176 -1936 112 0
w -1936 240 -1936 176 0
w -1936 304 -1936 240 0
150 -1920 96 -1840 96 0 2 0 5
150 -1920 160 -1840 160 0 2 0 5
150 -1920 224 -1840 224 0 2 0 5
150 -1920 288 -1840 288 0 2 0 5
w -1952 80 -2016 80 0
w -2016 112 -1968 112 0
w -1968 112 -1968 144 0
w -2016 144 -1984 144 0
w -1984 144 -1984 208 0
w -1984 208 -1920 208 0
w -2000 176 -2000 272 0
w -2000 272 -1920 272 0
207 -2112 208 -2144 208 4 RA\sLd
207 -2112 176 -2144 176 4 RA\s0
207 -2112 144 -2144 144 4 RA\s1
207 -2112 112 -2144 112 4 RA\s2
207 -2112 80 -2144 80 4 RA\s3
w -2560 -240 -2560 -272 0
w -2464 -240 -2560 -240 0
196 -2560 -336 -2544 -336 0
196 -2560 -208 -2544 -208 0
w -2464 -112 -2560 -112 0
w -2560 -112 -2560 -144 0
w -2560 16 -2560 -16 0
w -2464 16 -2560 16 0
196 -2560 48 -2544 48 0
196 -2560 -80 -2544 -80 0
w -2464 48 -2464 16 0
w -2464 -80 -2464 -112 0
w -2464 -208 -2464 -240 0
150 -2400 -256 -2320 -256 0 2 0 5
w -2400 -272 -2464 -272 0
w -2400 -240 -2416 -240 0
150 -2400 0 -2320 0 0 2 0 5
w -2400 -16 -2464 -16 0
w -2400 16 -2416 16 0
w -2416 16 -2416 -112 0
w -2416 144 -2416 16 0
w -2400 144 -2416 144 0
w -2400 112 -2464 112 0
150 -2400 128 -2320 128 0 2 0 5
150 -2400 -128 -2320 -128 0 2 0 5
w -2400 -144 -2464 -144 0
w -2400 -112 -2416 -112 0
w -2416 -112 -2416 -240 0
207 -2416 -240 -2416 -368 5 ADD\sOE
207 -2320 -256 -2288 -256 5 ADD\sO3
207 -2320 -128 -2288 -128 5 ADD\sO2
207 -2320 0 -2288 0 5 ADD\sO1
207 -2320 128 -2288 128 5 ADD\sO0
207 -2560 112 -2592 112 4 ADD\sCin
207 -2560 80 -2592 80 4 ADD\sB0
207 -2560 48 -2592 48 4 ADD\sA0
207 -2560 -48 -2592 -48 4 ADD\sB1
207 -2560 -80 -2592 -80 4 ADD\sA1
207 -2560 -176 -2592 -176 4 ADD\sB2
207 -2560 -208 -2592 -208 4 ADD\sA2
207 -2560 -304 -2592 -304 4 ADD\sB3
207 -2560 -336 -2592 -336 4 ADD\sA3
x -2504 -409 -2371 -406 4 24 4-bit\sAdder
207 -1056 352 -1088 352 4 CLK0
207 -960 96 -928 96 4 MC\sIO3
207 -960 128 -928 128 4 MC\sIO2
207 -960 160 -928 160 4 MC\sIO1
207 -960 192 -928 192 4 MC\sIO0
207 -960 224 -928 224 4 MC\sC3
207 -960 256 -928 256 4 MC\sC2
207 -960 288 -928 288 4 MC\sC1
207 -960 320 -928 320 4 MC\sC0
x -1297 1 -1002 4 4 24 Micro\sInstruction\sControl
L -1648 208 -1664 208 0 1 false 5 0
L -1552 208 -1536 208 0 0 false 5 0
207 -1648 496 -1680 496 4 MC\sIO3
207 -1648 528 -1680 528 4 MC\sIO2
207 -1648 560 -1680 560 4 MC\sIO1
207 -1648 592 -1680 592 4 MC\sIO0
207 -1648 624 -1680 624 4 MC\sC3
207 -1648 656 -1680 656 4 MC\sC2
207 -1648 688 -1680 688 4 MC\sC1
207 -1648 720 -1680 720 4 MC\sC0
207 -1552 496 -1520 496 4 CW\s7
207 -1552 528 -1520 528 4 CW\s6
207 -1552 560 -1520 560 4 CW\s5
207 -1552 592 -1520 592 4 CW\s4
207 -1552 624 -1520 624 4 CW\s3
207 -1552 656 -1520 656 4 CW\s2
207 -1552 688 -1520 688 4 CW\s1
207 -1552 720 -1520 720 4 CW\s0
x -1657 168 -1556 171 4 24 MC\sROM
x -1247 -382 -1043 -379 4 24 Program\sCounter
207 -1200 -320 -1232 -320 4 MC\sLd
207 -1200 -96 -1232 -96 4 PC\sR
207 -1104 -320 -1072 -320 4 PC\s7
207 -1104 -288 -1072 -288 4 PC\s6
207 -1104 -256 -1072 -256 4 PC\s5
207 -1104 -224 -1072 -224 4 PC\s4
207 -1104 -192 -1072 -192 4 PC\s3
207 -1104 -160 -1072 -160 4 PC\s2
207 -1104 -128 -1072 -128 4 PC\s1
207 -1104 -96 -1072 -96 4 PC\s0
w 272 272 272 384 0
w 256 240 256 368 0
w 240 208 240 352 0
w 224 176 224 336 0
w -288 -368 -288 -320 0
207 -288 -368 -256 -368 4 CLK0
207 -208 16 -240 16 4 IP\sAV3
207 -208 48 -240 48 4 IP\sAV2
207 -208 80 -240 80 4 IP\sAV1
207 -208 112 -240 112 4 IP\sAV0
207 256 -96 224 -96 4 MC\sIO3
207 272 -80 224 -80 4 MC\sIO2
207 288 -64 224 -64 4 MC\sIO1
207 304 -48 224 -48 4 MC\sIO0
207 320 -32 224 -32 4 MC\sC3
207 336 -16 224 -16 4 MC\sC2
207 352 0 224 0 4 MC\sC1
207 368 16 224 16 4 MC\sC0
207 224 336 192 336 4 PC\s7
207 240 352 192 352 4 PC\s6
207 256 368 192 368 4 PC\s5
207 272 384 192 384 4 PC\s4
207 288 400 192 400 4 PC\s3
207 304 416 192 416 4 PC\s2
207 320 432 192 432 4 PC\s1
207 336 448 192 448 4 PC\s0
207 176 816 144 816 4 CW\s7
207 192 832 144 832 4 CW\s6
207 208 848 144 848 4 CW\s5
207 224 864 144 864 4 CW\s4
207 240 880 144 880 4 CW\s3
207 256 896 144 896 4 CW\s2
207 272 912 144 912 4 CW\s1
207 288 928 144 928 4 CW\s0
207 -736 -112 -768 -112 4 ROM\sD1
207 -848 800 -880 800 4 CW\s9
207 -960 544 -928 544 4 ROM\sOE
207 -848 800 -816 800 4 PC\sR
207 -848 688 -880 688 4 CW\s7
207 -320 768 -288 768 4 MC\sLd
207 -64 624 -96 624 4 IP\sAO0
207 -64 544 -96 544 4 IP\sAO1
207 -64 464 -96 464 4 IP\sAO2
207 -64 384 -96 384 4 IP\sAO3
207 -768 736 -736 736 4 ADD\sOE
207 0 368 32 368 4 ROM\sA3
207 0 448 32 448 4 ROM\sA2
207 0 528 32 528 4 ROM\sA1
207 0 608 32 608 4 ROM\sA0
207 -1504 -48 -1472 -48 4 MC\sI3
207 -1504 -32 -1472 -32 4 MC\sI2
207 -1504 -16 -1472 -16 4 MC\sI1
207 -1504 0 -1472 0 4 MC\sI0
207 -848 -336 -880 -336 4 RA\sO3
207 -848 -256 -880 -256 4 RA\sO2
207 -848 -176 -880 -176 4 RA\sO1
207 -848 -96 -880 -96 4 RA\sO0
207 -848 688 -736 688 4 ADD\sCin
207 -960 704 -928 704 4 IP\sLd
R -384 -336 -416 -336 0 0 40 5 0 0 0.5
s -320 -336 -384 -336 0 1 false
w -1936 304 -1920 304 0
w -1936 240 -1920 240 0
w -1936 176 -1920 176 0
w -1936 112 -1920 112 0
w -1920 80 -1952 80 0
w -1968 144 -1920 144 0
w -2016 176 -2000 176 0
S -288 -320 -320 -320 0 0 false 0 2
w -1920 -320 -1920 -352 0
w -1984 -224 -1968 -224 0
w -1936 -256 -1888 -256 0
w -1888 -320 -1920 -320 0
w -1904 -288 -1888 -288 0
w -1904 -224 -1888 -224 0
w -1904 -160 -1888 -160 0
w -1904 -96 -1888 -96 0
207 -1936 -352 -1920 -384 4 IP\sAV2
207 -1952 -352 -1968 -384 4 IP\sAV1
207 -1968 -352 -2016 -384 4 IP\sAV0
207 -1920 -352 -1872 -384 4 IP\sAV3
w -1936 -288 -1936 -352 0
w -1952 -256 -1952 -352 0
w -1968 -224 -1968 -352 0
207 -2080 -320 -2112 -320 4 IP\sA3
207 -2080 -288 -2112 -288 4 IP\sA2
207 -2080 -256 -2112 -256 4 IP\sA1
207 -2080 -224 -2112 -224 4 IP\sA0
207 -2080 -192 -2112 -192 4 IP\sLd
w -1968 -128 -1888 -128 0
w -1968 -224 -1968 -128 0
w -1952 -192 -1888 -192 0
w -1952 -256 -1952 -192 0
w -1984 -256 -1952 -256 0
w -1936 -288 -1936 -256 0
w -1984 -288 -1936 -288 0
w -1920 -320 -1984 -320 0
150 -1888 -112 -1808 -112 0 2 0 5
150 -1888 -176 -1808 -176 0 2 0 5
150 -1888 -240 -1808 -240 0 2 0 5
150 -1888 -304 -1808 -304 0 2 0 5
w -1904 -96 -1904 -160 0
w -1904 -160 -1904 -224 0
w -1904 -224 -1904 -288 0
w -1904 -288 -1904 -352 0
207 -1808 -304 -1776 -304 5 IP\sAO3
207 -1808 -240 -1776 -240 4 IP\sAO2
207 -1808 -176 -1776 -176 4 IP\sAO1
207 -1808 -112 -1776 -112 4 IP\sAO0
207 -1904 -352 -1872 -352 4 IP\sOE
x -2056 -424 -1836 -421 4 24 Instruction\sPointer
168 -2080 -320 -2032 -288 2 4 0 0 0 0
207 -960 608 -928 608 4 RB\sOE
w -672 -304 -672 -288 0
w -672 -224 -672 -208 0
w -672 -144 -672 -128 0
w -672 -64 -672 -48 0
w -2032 560 -2016 560 0
w -1984 528 -1936 528 0
w -1936 464 -1968 464 0
w -1952 496 -1936 496 0
w -1952 560 -1936 560 0
w -1952 624 -1936 624 0
w -1952 688 -1936 688 0
207 -2128 464 -2160 464 4 RB\s3
207 -2128 496 -2160 496 4 RB\s2
207 -2128 528 -2160 528 4 RB\s1
207 -2128 560 -2160 560 4 RB\s0
207 -2128 592 -2160 592 4 RB\sLd
w -2016 656 -1936 656 0
w -2016 560 -2016 656 0
w -2000 592 -1936 592 0
w -2000 528 -2000 592 0
w -2032 528 -2000 528 0
w -1984 496 -1984 528 0
w -2032 496 -1984 496 0
w -1968 464 -2032 464 0
150 -1936 672 -1856 672 0 2 0 5
150 -1936 608 -1856 608 0 2 0 5
150 -1936 544 -1856 544 0 2 0 5
150 -1936 480 -1856 480 0 2 0 5
w -1952 688 -1952 624 0
w -1952 624 -1952 560 0
w -1952 560 -1952 496 0
w -1952 496 -1952 432 0
207 -1856 480 -1824 480 5 RB\sO3
207 -1856 544 -1824 544 4 RB\sO2
207 -1856 608 -1824 608 4 RB\sO1
207 -1856 672 -1824 672 4 RB\sO0
207 -1952 432 -1920 432 4 RB\sOE
x -2074 368 -1953 371 4 24 Register-B
168 -2128 464 -2080 496 2 4 0 0 0 0
207 -672 -304 -640 -304 4 RB\s3
207 -672 -224 -640 -224 4 RB\s2
207 -672 -144 -640 -144 4 RB\s1
207 -672 -64 -640 -64 4 RB\s0
207 -736 -288 -768 -288 4 RB\sO3
207 -736 -208 -768 -208 4 RB\sO2
207 -736 -128 -768 -128 4 RB\sO1
207 -736 -48 -768 -48 4 RB\sO0
207 -960 784 -928 784 4 RB\sLd
207 -1216 784 -1184 784 4 RA\sLd
207 -480 512 -448 512 4 RA\sOE
150 -1040 544 -960 544 0 3 0 5
I -1088 560 -1040 560 0 0.5 5
150 -1296 608 -1216 608 0 3 0 5
I -1344 592 -1296 592 0 0.5 5
207 -1040 528 -1120 528 4 CW\s0
207 -1088 560 -1120 560 4 CW\s1
150 -1040 608 -960 608 0 3 0 5
207 -1040 592 -1120 592 4 CW\s0
207 -1040 624 -1120 624 4 CW\s1
207 -1344 592 -1376 592 4 CW\s0
207 -1296 624 -1376 624 4 CW\s1
150 -1296 784 -1216 784 0 3 0 5
I -1344 768 -1296 768 0 0.5 5
150 -1040 784 -960 784 0 3 0 5
150 -1040 704 -960 704 0 4 0 5
I -1088 720 -1040 720 0 0.5 5
207 -1040 688 -1120 688 4 CW\s2
207 -1088 720 -1120 720 4 CW\s3
207 -1040 768 -1120 768 4 CW\s2
207 -1040 800 -1120 800 4 CW\s3
207 -1344 768 -1376 768 4 CW\s2
207 -1296 800 -1376 800 4 CW\s3
152 -736 -288 -672 -288 0 3 0 5
152 -736 -208 -672 -208 0 3 0 5
152 -736 -128 -672 -128 0 3 0 5
152 -736 -48 -672 -48 0 3 0 5
207 -736 -272 -768 -272 4 ROM\sD3
207 -736 -192 -768 -192 4 ROM\sD2
207 -736 -32 -768 -32 4 ROM\sD0
207 -816 496 -880 496 4 CW\s4
207 -752 512 -720 512 4 IP\sOE
207 -1232 176 -1264 176 4 MC\sLd
207 -1232 144 -1264 144 4 MC\sI0
x -790 -398 -681 -395 4 24 Data\sBus
x -1153 451 -1015 454 4 24 Control\sBus
x -151 281 -4 284 4 24 Address\sBus
207 -1216 304 -1248 304 4 MC\sLd
207 0 384 32 384 4 ADD\sB3
207 0 464 32 464 4 ADD\sB2
207 0 544 32 544 4 ADD\sB1
w 0 368 0 384 0
w 0 448 0 464 0
w 0 528 0 544 0
207 0 624 32 624 4 ADD\sB0
w 0 608 0 624 0
207 -848 656 -880 656 4 CW\s6
207 -848 656 -736 656 4 Abs
w -1296 608 -1296 496 0
w -1040 608 -1040 544 0
w -1040 544 -1040 496 0
207 -1296 496 -1376 496 4 CLK0
150 -816 512 -752 512 0 2 0 5
w -832 528 -816 528 0
168 -1232 48 -1216 48 2 4 0 0 0 0
207 -1232 112 -1264 112 4 MC\sI1
207 -1232 80 -1264 80 4 MC\sI2
207 -1232 48 -1264 48 4 MC\sI3
w -1136 144 -1120 144 0
w -1120 144 -1120 192 0
w -1120 192 -1056 192 0
w -1056 160 -1104 160 0
w -1104 160 -1104 112 0
w -1104 112 -1136 112 0
w -1056 128 -1088 128 0
w -1088 128 -1088 80 0
w -1088 80 -1136 80 0
w -1056 96 -1072 96 0
w -1072 96 -1072 48 0
w -1072 48 -1136 48 0
w -1568 -112 -1568 0 0
w -1552 -176 -1552 -16 0
w -1536 -240 -1536 -32 0
L -1568 -336 -1552 -336 0 0 false 5 0
w -1488 -272 -1504 -272 0
w -1488 -208 -1504 -208 0
w -1488 -144 -1504 -144 0
w -1488 -80 -1504 -80 0
w -1520 -304 -1568 -304 0
w -1520 -304 -1520 -48 0
w -1568 0 -1504 0 0
w -1520 -48 -1504 -48 0
w -1536 -32 -1504 -32 0
w -1552 -16 -1504 -16 0
207 -1216 224 -1248 224 4 CLK0
I -1216 224 -1152 224 0 0.5 5
152 -1216 320 -1152 320 0 2 0 5
155 -1376 272 -1312 272 0 0
L -1376 272 -1392 272 0 1 false 5 0
207 -1376 304 -1424 304 4 CLK0
w -1280 336 -1216 336 0
207 -832 528 -880 528 4 CLK0
w -1296 784 -1296 656 0
w -1040 784 -1040 672 0
I -1344 656 -1296 656 0 0.5 5
207 -1344 656 -1376 656 4 CLK0
207 -848 752 -880 752 4 CLK0
207 -848 720 -880 720 4 CW\s8
150 -848 736 -768 736 0 2 0 5
207 -1552 464 -1520 464 4 CW\s8
150 -400 768 -320 768 0 3 0 5
I -448 784 -400 784 0 0.5 5
207 -448 784 -480 784 4 CLK0
207 -400 752 -480 752 4 CW\s5
w -1040 496 -1296 496 0
w -1296 656 -1040 656 0
207 -1552 432 -1520 432 4 CW\s9
207 -1552 400 -1520 400 4 CW\s10
207 -1552 368 -1520 368 4 CW\s11
207 -1552 336 -1520 336 4 CW\s12
207 -1552 272 -1520 272 4 CW\s14
207 -1552 304 -1520 304 4 CW\s13
207 -1552 240 -1520 240 4 CW\s15
150 -848 -320 -784 -320 0 2 0 5
w -784 -320 -784 -304 0
w -784 -304 -736 -304 0
150 -848 -240 -784 -240 0 2 0 5
w -784 -240 -784 -224 0
w -784 -224 -736 -224 0
150 -848 -160 -784 -160 0 2 0 5
w -784 -160 -784 -144 0
w -784 -144 -736 -144 0
150 -848 -80 -784 -80 0 2 0 5
w -784 -80 -784 -64 0
w -784 -64 -736 -64 0
207 -896 -368 -928 -368 4 Abs
I -896 -368 -848 -368 0 0.5 5
w -848 -304 -848 -224 0
w -848 -224 -848 -144 0
w -848 -144 -848 -64 0
w -848 -304 -848 -368 0
w -176 368 -176 304 0
w -176 528 -176 608 0
w -176 448 -176 528 0
w -176 368 -176 448 0
207 -176 304 -208 304 4 Abs
150 -176 592 -112 592 0 2 0 5
150 -176 512 -112 512 0 2 0 5
150 -176 432 -112 432 0 2 0 5
150 -176 352 -112 352 0 2 0 5
207 -176 576 -208 576 4 RA\sO0
207 -176 496 -208 496 4 RA\sO1
207 -176 416 -208 416 4 RA\sO2
207 -176 336 -208 336 4 RA\sO3
150 -608 -272 -528 -272 0 2 0 5
150 -608 -192 -528 -192 0 2 0 5
150 -608 -112 -528 -112 0 2 0 5
150 -608 -32 -528 -32 0 2 0 5
w -608 -288 -672 -288 0
w -608 -208 -672 -208 0
w -608 -128 -672 -128 0
w -608 -48 -672 -48 0
I -656 -336 -608 -336 0 0.5 5
207 -656 -336 -688 -336 4 ADD\sOE
w -608 -336 -608 -256 0
w -608 -256 -608 -176 0
w -608 -176 -608 -96 0
w -608 -96 -608 -16 0
207 -400 -256 -368 -256 4 RA\s3
207 -400 -240 -368 -240 4 IP\sA3
207 -400 -176 -368 -176 4 RA\s2
207 -400 -160 -368 -160 4 IP\sA2
207 -400 -96 -368 -96 4 RA\s1
207 -400 -80 -368 -80 4 IP\sA1
207 -400 -16 -368 -16 4 RA\s0
207 -400 0 -368 0 4 IP\sA0
w -400 -256 -400 -240 0
w -400 -176 -400 -160 0
w -400 -96 -400 -80 0
w -400 -16 -400 0 0
152 -64 368 0 368 0 2 0 5
152 -64 448 0 448 0 2 0 5
152 -64 528 0 528 0 2 0 5
152 -64 608 0 608 0 2 0 5
w -112 352 -64 352 0
w -112 432 -64 432 0
w -112 512 -64 512 0
w -112 592 -64 592 0
150 -608 128 -528 128 0 2 0 5
150 -608 192 -528 192 0 2 0 5
150 -608 256 -528 256 0 2 0 5
150 -608 64 -528 64 0 2 0 5
207 -608 48 -640 48 4 ADD\sO3
207 -608 112 -640 112 4 ADD\sO2
207 -608 176 -640 176 4 ADD\sO1
207 -608 240 -640 240 4 ADD\sO0
207 -608 16 -640 16 4 ADD\sOE
w -608 16 -608 80 0
w -608 80 -608 144 0
w -608 144 -608 208 0
w -608 208 -608 272 0
152 -464 -256 -400 -256 0 2 0 5
152 -464 -176 -400 -176 0 2 0 5
152 -464 -96 -400 -96 0 2 0 5
152 -464 -16 -400 -16 0 2 0 5
w -528 -272 -464 -272 0
w -528 -192 -464 -192 0
w -528 -112 -464 -112 0
w -528 -32 -464 -32 0
w -528 64 -512 64 0
w -512 64 -512 -240 0
w -512 -240 -464 -240 0
w -528 128 -496 128 0
w -496 128 -496 -160 0
w -496 -160 -464 -160 0
w -528 192 -480 192 0
w -480 192 -480 -80 0
w -480 -80 -464 -80 0
w -464 0 -464 256 0
w -464 256 -528 256 0
207 -672 -32 -640 -32 4 ADD\sA0
207 -672 -112 -640 -112 4 ADD\sA1
207 -672 -192 -640 -192 4 ADD\sA2
207 -672 -272 -640 -272 4 ADD\sA3
w -672 -288 -672 -272 0
w -672 -208 -672 -192 0
w -672 -128 -672 -112 0
w -672 -48 -672 -32 0
207 -544 496 -576 496 4 CW\s10
150 -544 512 -480 512 0 2 0 5
207 -544 528 -576 528 4 CLK0
207 -2464 -336 -2384 -336 4 ADD\sCout
168 -2512 304 -2480 304 2 4 0 0 0 0
207 -2512 432 -2544 432 4 RF\sLd
207 -2416 400 -2384 400 4 RF\sOC
207 -2512 400 -2544 400 4 ADD\sCout
150 -496 624 -432 624 0 2 0 5
I -544 640 -496 640 0 0.5 5
207 -544 640 -576 640 4 CLK0
207 -496 608 -576 608 4 CW\s11
207 -432 624 -400 624 4 RF\sLd
207 -624 752 -656 752 4 CW\s12
207 -576 784 -624 784 4 RF\sOC
I -624 752 -576 752 0 0.5 5
152 -576 768 -512 768 0 2 0 5
w -1040 656 -1040 672 0
w -512 768 -400 768 0
152 -1200 704 -1136 704 0 2 0 5
I -1248 688 -1200 688 0 0.5 5
207 -1200 720 -1248 720 4 RF\sOC
207 -1248 688 -1280 688 4 CW\s12
w -1136 704 -1136 736 0
w -1136 736 -1040 736 0
w -2032 -32 -2016 -32 0
x -2571 242 -2402 245 4 24 Flags\sRegister
